-491409.9471313937 20.0
-481814.7418365385 21.919041058971047
-471391.082268201 24.003772972638544
-461583.680635709 25.965253299136936
-451699.4523646307 27.942098953352602
-441228.4330322782 30.0363028198231
-431408.9486655329 21.963896873349057
-421208.5267034036 24.003981265774918
-411487.4912088411 25.94818836468742
-401516.37103236315 27.94241239998301
-391476.31293983286 29.95042401848907
-381094.4715934473 30.06289541441712
-371093.96039409045 22.000102239871374
-361430.7847794902 23.932737362791425
-351829.615887315 25.852971141226462
-341529.3389020547 27.913026538278523
-331704.3200046214 29.878030317765184
-322031.84120054194 29.812423838709705
-312212.16763938306 21.963934712231776
-301918.1462338472 24.02273899333895
-291729.0185025942 26.060564539589546
-281719.0625518785 28.062555729732686
-271611.94706610026 28.120044114656558
-261916.1475020288 30.059204027470855
-251436.954923261 24.034998428567853
-241588.4313230119 26.004703148617672
-231299.60785535295 28.06246784214946
-221594.27466571858 30.003534480076336
-211574.0604701632 27.972578890619555
-201206.04699198142 30.046181586255912
-191077.9813854475 26.103258656054216
-181307.16801846918 28.05742132944988
-170878.5169493733 28.139108704157984
-161200.61451952028 25.97547337318544
-151634.38249400325 27.88871977828885
-141669.85325415267 29.881625626258966
-131180.8878599167 27.939525817891322
-121559.73836502167 29.863755716870326
-111283.72913533478 29.9833770768371
-100791.66851425469 26.0778438691324
-91285.2585132534 27.97912586933266
-81123.40958510619 30.011495654962104
-71358.90151312505 27.984965524441947
-61811.35466948194 29.894474893170567
-51839.798475211006 29.790374007808737
-41573.99161874503 25.956981978876005
-31346.33309179537 28.002513684265935
-21598.713594157874 29.952037583793434
-11828.536566429571 28.002252381756286
-1721.1727795549123 30.02372513913122
7884.086408456937 31.94477697673359
18288.814384420177 34.02572257192624
28295.458173167397 36.027051329675686
37846.70159382466 37.93730001380713
47793.525529108294 39.92666480086386
58148.57294320815 41.997674283683835
68252.30031422124 44.01841975788645
78366.36124912358 46.04123194486692
88491.97636296345 48.066354967634894
98688.8578210264 50.10573125924748
109097.41942156981 50.13428220806297
119324.99487242813 37.04551509017166
129125.56450750241 39.00562901718652
138989.5492835522 40.97842597239648
149121.03268043196 43.00472265177243
158917.05837053308 44.963927789792656
169257.77417565815 35.0
179323.28325012428 37.013101814893226
189001.9126202311 38.94882768891459
199405.25663440052 41.029496491748475
209608.39906141796 43.07012497715196
219985.95864048932 40.14563689296624
230438.25812159874 37.09045989622189
240031.70063419006 39.009148398740145
250172.17051619658 41.03724237514145
260556.19976232082 43.1140482243663
270462.49740446196 38.004847856572646
280792.7270254617 40.070893780772586
291235.63479239517 39.154627477586644
301292.99402843113 41.166099324793834
311526.6635999215 43.21283323909191
321549.01436249877 21.06267591402072
331233.6223362115 22.999597508763266
341107.63753798336 24.97440054911764
351597.3875571733 26.00967463893491
362049.3249846949 28.100062124439226
371653.2685781368 20.0
381730.1803879642 22.015382361965475
391502.8121407134 23.969908712515316
401756.5356482346 26.02065341401956
412162.20265716495 28.101786815805628
422151.5864461363 20.0
432214.745163334 22.01263174343954
442297.7444902143 24.029231608815596
452378.9593150068 26.0454745737741
462658.85124362056 28.101452959496854
472769.663368509 20.0
482278.7191752386 21.90181116134593
492476.62096705474 23.941391519709153
502634.10893575253 25.972889113448712
512685.63410121505 27.983194146541216
523020.13841933204 20.0
533112.7679169216 22.018525899517922
543502.3964149167 24.09645159911694
553175.9107176105 26.031154459655692
563295.8852275657 28.055149361646723
573258.9369711964 20.0
582930.2139871989 21.934255403200492
593347.9886833986 24.017810342440427
603729.4421371397 26.094101033188657
613714.5703946735 28.09112668469541
623292.2916305624 20.0
633601.7763771514 22.061896949317795
643254.2540038098 23.992392474649474
653101.1517776084 25.961772029409207
662777.8288510389 27.897107444095308
672556.990583578 29.852939790603124
682300.4988478764 20.0
692648.6833372382 22.069636897872343
703074.8733892568 24.154874908276064
713438.496705693 26.227599571563303
723677.3161146685 28.275363453358413
734132.8447615557 20.0
744309.6953470943 22.035370117107732
754357.5513118132 24.044941310051502
764824.8371581866 26.138398479326185
774650.6989387721 28.103570835443286
784300.9024405822 20.0
794100.447293373 21.95990897055818
803805.515233123 23.90092255850816
814297.8833653816 25.999396184959892
824772.7443072197 28.094368373327516
835052.7554678001 20.0
844970.3103514414 21.98351097672826
854687.0515113211 23.926859208704204
864229.343381573 25.83531758275458
874425.5133880497 27.874551584049918
884783.8428073995 29.94621746791988
895081.2737085031 20.0
905068.4295031097 21.99743115892131
915218.6148231183 24.02746822292304
925504.3129789326 26.084607854085906
935366.8086376435 28.05710698582807
945143.2634926956 20.0
955340.8092608214 22.03950915362516
965555.1095546636 24.0823692123936
975249.7906279041 26.021305427041696
984846.812468027 27.940709795066272
995213.2458137756 20.0
1005472.2154350741 22.051793924259698
1015045.3039229844 23.966411621841765
1025473.3674809108 26.052024333427056
1035767.3829127026 28.11082741978541
1046109.355058217 20.0
1055647.5410348738 21.90763719533137
1065466.5346360086 23.87143591555832
1075629.0906493897 25.90394711823454
1085451.506918561 27.8684303720688
1095782.5160381333 29.93463219598327
1106168.9311908532 20.0
1116225.1524753512 22.011244256899598
1125826.2122979825 23.931456221425858
1135403.4069972648 25.84689516128232
1145816.0459544552 27.929422952720383
1156128.0445874985 29.991822679329058
1165712.3148360155 20.0
1175974.70233532 22.0524774998609
1185875.7856251874 24.0326941578344
1196217.2219759098 26.100981427978866
1205732.2864536697 28.00399432353084
1215626.2770683593 29.98279244646877
1225721.873378306 20.0
1235237.7110658798 21.903167537514772
1245058.2578361635 23.867276891571517
1254784.9244014015 25.812610204619123
1264551.2178545587 27.76586889525056
1274361.3598713113 29.727897298601086
1284316.8122554193 20.0
1294560.8862928404 22.048814807484206
1304796.9141908402 24.096020387084177
1314843.9766640356 26.105432881723253
1324769.4451845593 28.090526585828
1335152.105311574 20.0
1345623.5199737472 22.094282932434652
1356062.0245415634 24.18198384599788
1365711.9686640622 26.111972670497654
1375629.5847649437 28.09549589067395
1386012.0325869238 20.0
1396203.3574479262 22.038264972200476
1406211.481687709 24.039889820157036
1415735.1977963576 25.944633041886753
1425978.333247019 27.993260132019035
1435673.9491138847 29.932383305392182
1445496.4566836974 20.0
1455600.684679898 22.02084559924011
1465109.4883052693 23.922606324314373
1475126.7673077027 25.926062124801057
1484964.7422030454 27.8936571038696
1494734.0887385297 29.84752641096646
1504985.3403575963 20.0
1514678.5279380498 21.938637516090694
1524547.521901158 23.912436308712326
1534066.707343933 25.81627339726733
1544303.2024996956 27.86357242841986
1554517.32058378 29.906396045236754
1564211.1973264858 20.0
1574380.823347397 22.033925204182232
1584073.9289592106 23.972546326544975
1593848.8350389034 25.927527542483528
1603911.2170963578 27.940003953974415
1613735.3932936587 29.904839193434597
1623398.252435771 20.0
1633195.9200105632 21.959533514958434
1642726.3051313146 23.8656105391087
1652433.042233143 25.80695795947439
1662591.7437760488 27.838698268055545
1672375.8546068924 29.79552043422428
1682019.9528297922 20.0
1692341.5664157935 22.064322717200266
1701983.138638602 23.992637161761987
1712017.3663621286 25.999482706467298
1721823.0554923671 27.960620532514994
1732202.2770276584 20.0
1742416.5113859365 22.04284687165562
1752624.2496355455 24.084394521577423
1762732.6556132128 26.106075717110887
1772274.8739134967 28.014519377167662
1782584.1256434382 20.0
1792650.3637094335 22.013247613199056
1802675.694334495 24.018313738211383
1812760.6308435944 26.03530104003125
1822610.8917391088 28.00535321913413
1832558.4547411907 29.99486581955049
1842065.9880708775 20.0
1851639.564525664 21.914715290957318
1861730.563417123 23.932915069249088
1871342.0627180305 25.855214929430606
1881656.3179490352 27.918065975631542
1891548.0732263175 29.896417031088006
1901293.6469219103 20.0
1911035.7650261943 21.948423620856786
1921283.722246706 23.998015064959134
1931445.115925048 26.030293800627533
1941544.3242486503 28.050135465348
1951219.936284375 29.985257872492916
1960803.1362182223 20.0
1971259.3933512946 22.09125142661445
1981119.4374298926 24.063260242334053
1990669.5925561306 25.973291267581658
2001110.3475694298 28.061442270241493
2011254.3370645074 20.0
2021334.566240855 22.016045835269523
2031532.8169421693 24.055695975532384
2041091.2656888347 25.96738572486546
2051343.356557927 28.017803898683937
2061088.3539737645 29.96680338185141
2071430.1492063634 20.0
2081520.4334454357 22.01805684781447
2091738.7688929646 24.061723937320245
2101940.427328419 26.102055624411115
2111975.00764501 28.10897168772933
2121940.3272993998 20.0
2131571.8864551536 21.926311831150763
2141442.5777030825 23.90045008073654
2151614.5590214985 25.934846344419753
2161902.7364181816 27.99248182375636
2172243.3325138437 20.0
2181752.3103105836 21.90179555934798
2192146.8840310564 23.980710303442553
2202121.6707529305 25.97566764781736
2212017.8411374195 27.954901724715157
2221909.49524434 29.933232546099276
2231506.4692666964 20.0
2241064.547661079 21.911615678876544
2250698.2277560113 23.838351697862986
2261034.4570320453 25.905597553069796
2270748.371155757 27.848380377812127
2280782.757817233 29.855257710107324
2291274.9389443872 20.0
2300856.3560596937 21.916283423061298
2310461.2016843413 23.83725254799081
2320021.902251667 25.749392661455925
2329715.2555835554 27.68806332783364
2339764.8594774804 29.697984106618634
2349962.581572846 20.0
2359496.0108979316 21.90668586501712
2369660.0134261064 23.939486370652077
2379973.7694497434 26.002237575379482
2389667.4046981307 27.940964625056928
2399961.2939397637 29.999742473383527
2410068.094768991 20.0
2419704.7471417137 21.927330474544505
2429901.9492143034 23.966770889062435
2440173.785949681 26.021138236137944
2450215.332234507 28.02944749310315
2460128.0593576557 20.0
2470316.931470091 22.037774422487058
2480120.2863340615 23.998445395281166
2490465.537305166 26.067495589502062
2500105.136383152 27.99541540509928
