-491593.4282864318 20.0
-481153.4480204287 22.087996053200623
-470671.021660464 24.184481325193566
-460659.7370356694 26.186738250152487
-450565.3459629818 28.205616464690003
-440926.9909894631 30.133287459393742
-430490.7550085703 22.08724719617856
-420530.9663901507 24.07920491986248
-410420.0938739018 26.10137942311226
-400002.2796195059 28.18494227399144
-390131.1670215356 28.07191759740694
-379851.0249548408 30.12794601074591
-369809.14088244655 24.064405227817815
-360035.17670932953 26.01919806244122
-349922.7824709603 28.04167691011507
-339471.7059210448 26.067486992280347
-329271.19069747307 28.107590036994697
-318862.14560472325 30.189399055544662
-308899.45670501725 26.114449843205513
-299130.71433933126 28.06819831634271
-289311.6280576972 30.032015572669522
-279779.02657833067 27.816623805278518
-269387.8787425135 29.894853372441954
-259200.942506927 29.93970283961805
-248731.37415673415 28.116050780192612
-238514.686133551 28.252868088955935
-228763.30556200512 26.087527388984377
-218700.23414365383 28.100141672654637
-208680.05328813547 30.104177843758308
-198756.77443933673 29.994919943479484
-188589.55614328518 29.985025998053164
-178433.39595434742 30.065981921531538
-168501.93850087665 26.050967187692017
-158821.8752065938 27.986979846548586
-148467.23764055475 30.057907359756395
-138586.4108988158 30.000629048893877
-128446.10557724412 29.99745807542066
-118018.67803795772 30.09665209258379
-107560.79260184833 26.205123659393497
-97492.51834485061 28.21877851079304
-87033.50112274333 28.28252089090016
-77036.14754711022 28.1965060981695
-66666.21887307543 28.178914745754582
-56893.155497126674 26.02806912512333
-46707.97688178049 28.06510484819257
-37135.1942497084 29.979661374606984
-26660.77427842779 30.075074653736486
-16595.00329915929 30.014243114783227
-6630.79983980133 30.05247113146507
2946.23263209417 31.967877625844167
12446.937401156425 33.86801857965662
22667.315626657204 35.91209422475678
32262.127854710343 37.8310566703674
42109.57696604796 39.80054649263492
51747.87398363206 41.72820589615175
61752.99959812561 43.72923101905046
71363.55915689757 45.651342930804844
81074.64204460074 47.593559508345486
90873.79556383955 49.55339021219325
100999.24937213869 51.578480973853075
111019.7271186139 35.0
120662.49551825467 36.92855367992816
130701.09309017114 38.93627319431145
141012.87328956454 40.998629234190126
150736.94206120638 42.9434429885185
160654.9041473196 44.927035405741144
170957.65411814416 35.0
181347.0128282527 37.077871742021706
191535.84005488924 39.115637187349016
201143.03642447342 41.037076461265855
211013.44022618022 43.01115722160721
221265.97284020582 40.061663744412336
231446.38113997426 37.03608165995369
241243.62040491198 38.99552951294123
251081.51280365977 40.96310799269079
261031.07519647665 42.95302047125416
270580.97019210143 44.86299947037912
280429.4190259219 39.79660757718953
290906.8882879269 37.095493852401
300657.4349967519 39.045603194166
310709.8923552046 41.05609466585654
320798.84501466446 43.07388519774851
330375.3465147134 44.98918549775831
340221.3577825196 39.862893898918536
350036.0407061724 36.96293658473056
360359.6953259786 39.027667508691806
370453.7411512134 41.046476673738766
380594.4261060496 43.07461366470601
390315.2765899011 38.05584717674574
400396.05805925245 37.01615629387027
409947.3319053548 38.92641106309073
419809.3909622921 40.89882287447819
429789.8559230974 42.89491586663925
439972.2727110009 44.931399224219945
449992.6172757525 39.91931184330001
459733.0503812746 36.94808662110442
470079.89809994993 39.017456164839494
480078.77828169597 41.0172322011887
489909.66406798776 42.983409358447055
499779.95348114055 44.957467241077616
510032.04625134956 40.05979917401499
520014.7720791861 36.99654516556731
529631.2488978363 38.91984052929735
539923.2353594329 40.978237821616666
550299.3556297806 43.0534618756862
559939.9320510183 44.98157715993376
569563.2328771672 39.90969215959621
579153.9099941268 36.91813542339192
589503.3408600338 38.98802159657332
599708.8999190712 41.029133408380815
609494.7121502182 42.986295854610205
619624.3515724919 38.094088315673034
629462.1892170253 40.061655844579704
639503.9987606197 38.975929437625545
649115.1664546903 40.89816297643967
658840.3204981813 42.84319378513787
668771.2513154245 44.82937994858651
679065.602338045 37.91232071548507
689210.6858901973 39.94133742591552
698914.3682147063 38.96975317533226
709251.2598544927 41.037131503289544
719188.6004918934 43.02459963076967
728844.957381301 44.955871008651194
739171.8811478126 38.051502586621254
749505.4818908583 37.066720148609136
759119.7722465337 38.98957821974422
769260.4231275365 41.017708395944794
778848.3859118151 42.9353009528005
788535.8975196646 44.872803274370405
798846.6005296946 39.868223727767266
809316.8444963594 37.09404879333295
819401.3425315638 39.11094840037385
829090.1074811448 41.04870139029005
839344.6625927155 43.09961241260417
849268.031676654 37.99023743605893
859033.0557202427 39.94324224477666
869039.5224871824 38.95429816210568
878968.8178014933 40.94015722496787
888797.626356338 42.9059189359368
899179.7954699232 44.98235275865383
909603.4450908103 38.11278452072558
919649.7003102654 37.00925104389102
929455.684601283 38.97044790209455
939860.3916481691 41.051389311471766
949733.5154450444 43.02601407084681
959267.499942588 44.93281097035555
969245.283210772 39.91911658010132
978813.0813291635 36.91355962367831
988649.7151008481 38.88088637801523
999031.4525744113 40.95723387272786
1009010.1392098645 42.95297119981851
1018756.5868290063 44.90226072364687
1029063.413632976 40.0500664607625
1038881.0160715284 36.96352048771048
1048717.7354159397 38.93086435659274
1058962.6559723415 40.979848467873104
1068654.5410122753 42.91822547585985
1078782.4945292107 44.943816179246944
1088997.2170114117 40.02324018797665
1098856.776968916 36.97191199150085
1108467.7775955026 38.89411211681818
1118686.2973303222 40.93781606378211
1128312.1425933891 42.86298511639549
1138274.652886062 44.85548717493005
1148204.6103146684 39.86956666915049
1158115.0356124898 36.982085059564284
1167667.5431526173 38.89258656758978
1177789.8455329647 40.91704704365926
1188229.1704798888 43.00491203304408
1198402.7795412345 38.057548785748935
1208779.5695287094 37.07535799749498
1218806.212345036 39.0806865607603
1229167.7116132756 41.15298641440822
1238936.5381981903 43.10675173139116
1248908.8710677982 38.025860307817766
1259358.5593321675 37.08993765287385
1269542.5306532993 39.126731917100216
1279819.782874872 41.182182361414746
1289382.8457791812 43.0947949422766
1298988.8095945758 37.926050052481656
1309441.8240666576 40.01665294689802
1319484.1010332173 39.0990582877283
1329340.5535113662 41.07034878335809
1339818.424127576 43.16592290660003
1349671.5684385614 36.03749348106882
1359227.3997888882 37.94865975113418
1369467.4566007247 39.99667111350149
1379932.4376148626 41.052173835260234
1389500.9719548265 42.96588070325302
1399626.8447086613 44.99105525401998
1409169.636472837 35.8474397715949
1419571.2026411053 37.92775300524854
1429942.988172834 40.00211011159429
1439473.8230900406 41.06083732344071
1449925.0340825196 43.1510795219365
1459815.47120657 35.129166946746594
1469569.512824943 36.9508083236746
1479925.3344581118 39.02197265030835
1489871.2854599594 41.01116285067788
1500357.7038258 43.108446523845984
1510836.0998723276 35.0
1520569.742926197 36.94672861077385
1530706.01321442 38.973982668418486
1540562.9044829027 40.945360922115015
1550618.0526875728 42.95639056304903
1560955.0886257752 35.0
1570890.1945180588 36.98702117845672
1580769.4824992549 38.96287877469594
1590711.542134262 40.951290701697346
1600935.2280760708 42.99602789005912
1610864.0607929837 44.98179443344171
1620414.384263589 35.0
1630011.52710706 36.91942856869418
1639669.1870646612 38.850960560214425
1649210.0367280957 40.759130492901335
1659436.77600704 42.80447834869018
1669555.4291397224 44.828208975226666
1679335.7760940308 35.0
1689588.9248637399 37.05062975394181
1699665.5354646288 39.065951874119605
1710048.609570079 41.14256669520964
1720418.7303987022 43.216590860934275
1730433.5308688069 35.0
1740509.7927093043 37.015252368099475
1750942.0401580946 39.10170185785755
1760978.1540418898 41.10892463461659
1770981.6326165744 43.10962034955351
1781247.9984468245 35.0
1791320.5406117851 37.01450843299213
1801409.7127688245 39.03234286440001
1811218.346462791 40.99406960319332
1821421.4598872855 43.0346922880922
1831624.5712747956 35.0
1841334.697333894 36.94202521181968
1851398.7980836798 38.95484536177683
1861585.190118712 40.992123768783266
1871566.539334456 42.98839361193208
1881858.6558982786 35.0
1892266.387499307 37.081546320205696
1901782.6974165067 38.98480830364563
1912166.7185800045 41.06161253634519
1921860.9941995777 43.00046766025983
1932077.2186555802 40.043712551460324
1942569.9149850023 37.09853926588441
1953016.372999805 39.18783086884497
1963107.3554895762 41.20602736679921
1973104.6607340313 43.20548841569023
1983548.7860001721 38.19577420303398
1993941.2635313128 37.07849550622814
2004038.1638820008 39.09787557636574
2013627.035329026 41.01564986577076
2023728.3558872957 43.035913977424705
2033723.510548751 37.95644940348766
2043597.4187135773 39.9312310364529
2053932.117956302 39.04172148151016
2064130.3851494365 41.08137492013709
2074525.213448801 43.16034058000999
2084296.3584117899 36.0728480910976
2094676.521945941 38.14888079792783
2104906.202320917 39.12196878182544
2114956.4039583923 41.13200910932049
2124795.3522691047 43.099798771462964
2134955.4065284957 36.00984084151573
2144780.895208349 37.97493857748639
2154360.756337763 39.89091080336915
2164589.4311192017 40.9268049181412
2174966.990841085 43.00231686251787
2185142.3204723704 35.0
2195134.431518068 36.99842220913954
2205181.4698619707 39.007829877920074
2215008.1279718126 40.97316149988845
2225018.078894025 42.97515168433096
2234929.0087713753 44.957337659800984
2244463.6092500007 35.89109625563761
2254323.0073891096 37.86297588345939
2264178.0946189277 39.833993329423016
2273995.7273809696 40.90642362619378
2283941.057365201 42.895489623040056
2293903.636575791 44.88800546515807
2304104.850212292 36.02182456626445
2314455.216019274 23.09189772766093
2324475.0814924776 24.07404625603715
2334162.4267019653 26.011515297934693
2343989.6653637076 27.97696303028315
2354306.3146384247 22.97021972383009
2364109.5871270956 24.93087422156427
2373870.4075594964 24.879065213403756
2384265.2789699365 25.991792866302376
2393801.4460931136 27.899026290937794
2403544.707848637 29.847678642042446
2413196.435429506 22.86520557400193
2423241.4087148374 24.874200231068208
2433430.4953591735 24.833043277847395
2443338.1692058756 26.02834675527392
2453596.1505544465 28.0799430249881
2463983.338709638 21.110568670092896
2474375.2743126056 23.18895579068642
2483904.404318882 23.984213121848832
2493637.4591531977 25.930824088711944
2503569.699375422 27.917272133156843
