122.0703125
909.62275218963625000000 7.45162958593750016
1279.31025218963625000000 10.48010958593750016
1281.46650218963625000000 10.49777358593750016
1280.76337718963625000000 10.49201358593750016
1309.57587718963625000000 10.72804558593750016
909.66962718963625000000 7.45201358593750016
16.54462718963625000000 0.13553358593750016
882.62275218963625000000 7.23044558593750016
11.91962718963625000000 0.09764558593750016
1309.66962718963625000000 10.72881358593750016
1284.45087718963625000000 10.52222158593750016
18.37275218963625000000 0.15050958593750016
18.56025218963625000000 0.15204558593750016
28.46650218963625000000 0.23319758593750016
18.85712718963625000000 0.15447758593750016
