-1000.0 20.0
-997.5604626022185 20.48790747955629
-995.1983319092755 20.960333618144908
-992.7820089024453 21.443598219510932
-990.4447167908476 21.911056641830488
-987.943271348194 22.411345730361198
-985.587769353629 22.882446129274193
-983.1331493042402 23.373370139151962
-980.6400028977026 23.871999420459474
-978.1342513723243 24.373149725535132
-975.7566110472512 24.848677790549754
-973.2537756363482 25.349244872730356
-970.8873687287953 25.822526254240938
-968.556239046905 26.288752190618993
-966.0423720076797 26.79152559846407
-963.5406173020845 27.291876539583107
-961.0863153165677 27.782736936686454
-958.7388604074 28.25222791852
-956.2697053560746 28.74605892878508
-953.780571242808 29.24388575143839
-951.474225053985 29.705154989202995
-948.9966427464166 20.0
-946.5854072409737 20.482247101088568
-944.0830109026343 20.98272636875645
-941.5670212108987 21.485924307103573
-939.2577211055674 21.94778432816984
-936.7995157766337 22.439425393956572
-934.4730647561465 22.904715598054008
-932.1644344644657 23.36644165639018
-929.8772047395925 23.823887601364824
-927.4977028803003 24.29978797322326
-925.122181690123 24.774892211258702
-922.6409988502253 25.271128779238257
-920.1747999759879 25.764368554085742
-917.8921348058448 26.220901588114362
-915.4675815332085 26.705812242641606
-913.1201689853319 27.175294752216928
-910.7627990406074 27.64676874116183
-908.3476583918545 28.129796870912422
-905.9789901229955 28.60353052468422
-903.5519456763536 29.08893941401259
-901.1593149631678 29.567465556649744
-898.7750761442342 20.0
-896.3361392295745 20.487787382931923
-894.0314499216352 20.9487252445198
-891.5969565422045 21.43562392040594
-889.2048420351844 21.91404682180996
-886.8452790683942 22.385959415167985
-884.4946323029293 22.856088768260975
-882.0845006447348 23.33811509989987
-879.5966232861937 23.835690571608097
-877.1783850550627 24.319338217834297
-874.8820817624004 24.778598876366754
-872.3950238019141 25.276010468464005
-869.966588928491 25.761697443148638
-867.5630154876835 26.24241213131013
-865.0916892782711 26.736677373192606
-862.7332425240446 27.20836672403791
-860.4033210960664 27.67435100963355
-858.0232147886852 28.15037227110979
-855.6913099924441 28.616753230358018
-853.3965560531918 29.07570401820847
-850.9630068658539 29.56241385567605
-848.4956997236801 20.0
-846.0990571682214 20.47932851109174
-843.7363302465053 20.95187389543496
-841.2858328884937 21.44197336703728
-838.9511757044602 21.908904803843985
-836.485713387707 22.40199726719461
-834.117807980235 22.87557834868901
-831.6229153705093 23.37455687063416
-829.1507176470085 23.868996415334323
-826.7025074688927 24.358638450957482
-824.3614894400521 24.826842056725603
-821.8739962290771 25.324340698920604
-819.4311443609065 25.81291107255472
-816.9756644859087 26.304007047554272
-814.6368271269116 26.7717745193537
-812.2248007006993 27.254179804596152
-809.8952473347107 27.72009047779388
-807.4305983947879 28.21302026577844
-805.1445213499459 28.67023567474685
-802.661909942041 29.16675795632782
-800.259495091943 29.647240926347422
-797.7458435891707 20.0
-795.4613314735587 20.456902423122393
-793.072443496632 20.93468001850774
-790.6212722733819 21.424914263157756
-788.2188122414688 21.90540626954039
-785.8263322917531 22.383902259483513
-783.4432669673315 22.86051532436784
-781.0273797690926 23.34369276401562
-778.5530886908821 23.838550979657725
-776.0389174457432 24.3413852286855
-773.5384935133251 24.841470015169126
-771.0590610170963 25.337356514414886
-768.7000465406878 25.809159409696576
-766.3473751378074 26.279693690272666
-763.9914316661695 26.75088238460023
-761.6522635683646 27.21871600416123
-759.1745572879878 27.714257260236582
-756.769681937715 28.19523233029115
-754.4591674138171 28.65733523507072
-752.1049860226705 29.12817151330005
-749.6046695528933 29.628234807255488
-747.1878859301955 20.0
-744.8641051297825 20.464756160082608
-742.3927567147149 20.95902584309613
-740.0563914980067 21.426298886437756
-737.7420298764823 21.889171210742642
-735.364994167901 22.3645783524589
-732.8938123031376 22.858814725411595
-730.5540644291514 23.326764300208833
-728.1682845108448 23.803920283870138
-725.8409177423331 24.269393637572488
-723.383571680431 24.7608628499529
-720.9057781780984 25.256421550419418
-718.441566595253 25.749263866988507
-715.9347587539221 26.250625435254687
-713.6378381348619 26.710009559066727
-711.2629644094848 27.184984304142155
-708.9278399762493 27.65200919078925
-706.6384100134393 28.10989518335125
-704.2006657259257 28.597444040853976
-701.793052490768 29.07896668788551
-699.3716387095649 29.563249444126132
-696.9889935072961 20.0
-694.6440662430647 20.468985452846276
-692.2020951421983 20.957379673019545
-689.8211321394442 21.43357227357037
-687.3776009582592 21.92227850980737
-685.0650782301492 22.384783055429374
-682.639620009948 22.86987469946962
-680.1955602928434 23.35868664289053
-677.88726188004 23.820346325451215
-675.4210479780495 24.313589105849314
-672.9741107158031 24.80297655829859
-670.4803832608858 25.301722049282056
-667.9773188628116 25.802334928896904
-665.4703455724583 26.303729586967552
-663.1822521478226 26.76134827189469
-660.8684210851968 27.22411448441985
-658.366487010324 27.72450129939441
-656.0229715963446 28.193204382190288
-653.6503256985843 28.667733561742352
-651.3584791925565 29.126102862947917
-649.052804140731 29.587237873313008
-646.6361994213537 20.0
-644.1241782950885 20.50240422525303
-641.8263396949277 20.9619719452852
-639.3305377262402 21.461132339022697
-636.8932765414802 21.9485845759747
-634.6060521047016 22.406029463330423
-632.087835763868 22.909672731497132
-629.5951407956526 23.408211725140223
-627.143811586165 23.89847756703773
-624.8276750110965 24.361704882051434
-622.4752141611544 24.832197052039852
-620.1519110795946 25.296857668351823
-617.6782322672225 25.791593430826243
-615.2052465434234 26.286190575586055
-612.8504320608847 26.757153472093798
-610.4251179727485 27.242216289721046
-608.0655436847895 27.714131147312834
-605.6978810821585 28.187663667839047
-603.4128256382446 28.644674756621818
-601.095917200444 29.108056444181944
-598.6530441629072 29.596631051689293
-596.2836682200292 20.0
-593.8217005000088 20.492393544004084
-591.4175922602841 20.97321519194902
-589.0436829274853 21.447997058508783
-586.5996558815077 21.936802467704297
-584.1520843084753 22.426316782310778
-581.6873064342665 22.919272357152543
-579.2961004946544 23.397513545074958
-576.9158156228156 23.87357051944273
-574.5092450279188 24.35488463842207
-572.2181854194099 24.81309656012386
-569.7003281954153 25.316668004922782
-567.1915545116747 25.818422741670908
-564.7920980517173 26.298314033662383
-562.3698959555487 26.782754452896096
-560.0084363677254 27.255046370460764
-557.5263036892701 27.75147290615182
-555.1078453670036 28.235164570605114
-552.6499893690385 28.72673577019814
-550.2343353551697 29.209866572971897
-547.8246012890103 29.691813386203783
-545.3707577273851 20.0
-542.8946964099375 20.49521226348952
-540.4811834591793 20.977914853641163
-538.197612185108 21.434629108455418
-535.7669072728895 21.920770090899122
-533.4068707172175 22.392777402033516
-530.930045147189 22.888142516039217
-528.457748751063 23.382601795264417
-526.1774575842052 23.838660028635992
-523.8242423308284 24.30930307931135
-521.3282291487718 24.808505715722664
-518.9042956511094 25.293292415255156
-516.5019718340266 25.773757178671712
-514.1286171313394 26.248428119209144
-511.6304862752965 26.748054290417723
-509.1324740950541 27.24765672646621
-506.82782587402215 27.708586370672595
-504.3147689320032 28.21119775907639
-502.00684340833385 28.672782863810255
-499.7229320496952 29.129565135537987
-497.347965296057 29.604558486265624
-494.84311725190895 20.0
-492.4007116197333 20.488481126435136
-490.11031157914624 20.946561134552542
-487.60100339222237 21.448422771937317
-485.30405440418633 21.907812569544525
-482.96513798884956 22.375595852611877
-480.51412057971794 22.8657993344382
-478.2205586345044 23.324511723480907
-475.85937813330264 23.79674782372126
-473.42514134861625 24.28359518065854
-470.90605165902645 24.787413118576502
-468.40189629706816 25.288244190968157
-466.0733076521421 25.753961919953372
-463.71785477942103 26.225052494497582
-461.32019228256036 26.70458499386972
-458.9289888930578 27.182825671770228
-456.5478871743454 27.659046015512708
-454.07889632798924 28.152844184783945
-451.65441392825704 28.63774066473038
-449.2293987725191 29.122743695877965
-446.94056999317695 29.5805094517464
-444.58714175060095 20.0
-442.2495468361544 20.467518982889306
-439.9567610572002 20.926076138680152
-437.5720210102926 21.40302414806167
-435.05869382027765 21.90568958606466
-432.66371188474454 22.38468597317128
-430.2209794759361 22.873232454932975
-427.72044947613364 23.373338454893464
-425.3578648980534 23.845855370509515
-422.9853950515197 24.320349339816254
-420.4686409178634 24.823700166547507
-418.03834279529855 25.30975979106048
-415.61100904534493 25.795226541051203
-413.1732643197318 26.28277548617383
-410.74287434433256 26.76885348125368
-408.41029772251176 27.23536880561784
-406.1250490777209 27.692418534576007
-403.733855777909 28.170657194538386
-401.23779589965625 28.66986917018894
-398.9247349179216 29.132481366535863
-396.5595499409569 29.60551836192881
-394.2739272905334 20.0
-391.83972638003235 20.486840182100206
-389.44163438897675 20.966458580311325
-387.01254713482376 21.452276031141924
-384.68560288178224 21.917664881750227
-382.33262900420783 22.38825965726511
-380.02620864434385 22.849543729237904
-377.6691537384287 23.32095471042094
-375.30093216349394 23.794599025407887
-372.92573544002335 24.269638370102008
-370.4372609321477 24.76733327167714
-368.0386343342027 25.247058591266136
-365.67348707982967 25.72008804214074
-363.35412106919716 26.183961244267245
-361.005756082436 26.65363424161948
-358.7160897955881 27.111567498989054
-356.2093806711279 27.61290932388109
-353.71278875354096 28.112227707398482
-351.2809316727111 28.598599123564455
-348.97762522619774 29.059260412867125
-346.51488090570814 29.55180927696505
-344.055329872531 20.0
-341.7672677137882 20.457612431748554
-339.3105788417254 20.948950206161122
-336.8632490048953 21.438416173527138
-334.49880161011964 21.91130565248227
-332.16610772749664 22.37784442900687
-329.74401530582765 22.86226291334067
-327.4117136391462 23.32872324667695
-324.98714715881783 23.813636542742632
-322.68001901943677 24.275062170618845
-320.168751954846 24.777315583536996
-317.6512553275399 25.280814908998217
-315.3141732678797 25.748231320930255
-312.8266070202102 26.24574457046416
-310.517420615009 26.707581851504404
-308.1628377868351 27.178498417139178
-305.87959975448774 27.635146023608648
-303.3832513161513 28.13441571127594
-301.0716756553599 28.596730843434216
-298.59173020805673 29.092719932894852
-296.180847038503 29.574896566805606
-293.8136071886613 20.0
-291.3184303686925 20.499035363993766
-288.9505533528333 20.972610767165598
-286.4348254204525 21.47575635364176
-284.1316066069577 21.936400116340725
-281.647179213966 22.433285594939058
-279.3047086098918 22.9017797157539
-276.86411007166976 23.38989942339831
-274.4674907059865 23.86922329653496
-272.1602064336604 24.330680151000184
-269.6895257472622 24.824816288279816
-267.2273301702347 25.317255403685316
-264.7097603611198 25.820769365508305
-262.38767432753764 26.285186572224735
-259.9502931308859 26.772662811555087
-257.5415960760275 27.254402222526767
-255.14622821430478 27.733475794871303
-252.754895929225 28.211742251887262
-250.2957782181281 28.70356579410664
-247.83263122932883 29.196195191866497
-245.52311339677803 29.658098758376656
-243.13713144238008 20.0
-240.83749340352009 20.459927607772
-238.45885883584072 20.935654521307875
-236.08525784047293 21.41037472038143
-233.80089245097747 21.867247798280523
-231.29835940397777 22.36775440768046
-228.93829726833192 22.83976683480963
-226.432698233428 23.340886641790416
-224.13147269150912 23.801131750174193
-221.75552977403268 24.27632033366948
-219.39190586618446 24.749045115239124
-216.94099792162686 25.239226704150646
-214.59908564900033 25.70760915867595
-212.12186243077488 26.20305380232104
-209.64305362947383 26.698815562581252
-207.12763697762895 27.201898892950226
-204.81970085937257 27.6634861166015
-202.50537499753605 28.126351288968806
-200.03817315208588 28.619791658058844
-197.65766353050518 29.095893582374984
-195.24870456192042 29.577685376091935
-192.907449355309 20.0
-190.5506342166886 20.471363027724085
-188.2056361689155 20.940362637278703
-185.78047938722938 21.425393993615927
-183.47036333525614 21.887417204010575
-181.17352080780142 22.346785709501518
-178.87200933859162 22.807088003343477
-176.5480348097581 23.271882909110182
-174.1955193038567 23.74238601029046
-171.7408646268988 24.23331694568204
-169.34819558973936 24.71185075311393
-166.94843435409896 25.19180300024201
-164.60240444765992 25.661008981529818
-162.12618835751655 26.15625219955849
-159.75127158098056 26.63123555486569
-157.43108201195938 27.095273468669927
-154.98364020556966 27.584761829947873
-152.49569626481053 28.082350618099696
-150.03938269011323 28.573613333039155
-147.68420263128064 29.044649344805677
-145.3193846840087 29.517612934260065
-142.8570874396919 20.0
-140.56212246096356 20.458992995745668
-138.1425789358876 20.94290170076086
-135.72657461167992 21.426102565602395
-133.32063361443883 21.90729076505061
-131.0312877300357 22.36515994193124
-128.69177247323455 22.83306299329147
-126.34704405105336 23.302008677727706
-123.90299082196229 23.79081932354592
-121.38624464462252 24.294168559013876
-119.05908146413879 24.759601195110623
-116.75264456720298 25.220888574497785
-114.28907495426147 25.713602497086086
-111.77031901502193 26.217353684933993
-109.28697466061213 26.71402255581595
-106.79892402781397 27.211632682375587
-104.49091958637914 27.673233570662553
-102.06960247363506 28.157496993211367
-99.56395116634425 28.65862725466953
-97.16559913046845 29.13829766184469
-94.87020628002863 29.597376231932657
-92.41377905924163 20.0
-89.91964677101511 20.498826457645304
-87.56961576176404 20.96883265949552
-85.25506201479578 21.43174340888917
-82.92033055654298 21.89868970053973
-80.53851007789761 22.375053796268805
-78.20797949210032 22.841159913428264
-75.74561287658476 23.333633236531377
-73.30873798995873 23.82100821385658
-70.83253387390474 24.31624903706738
-68.47869112022778 24.787017587802772
-65.98445207611742 25.285865396624843
-63.49863023483779 25.78302976488077
-61.15970081391227 26.25081564906587
-58.76476812664212 26.729802186519905
-56.4682900112389 27.189097809600547
-54.10685562145657 27.661384687557014
-51.63643405349904 28.155469001148518
-49.297965261725956 28.62316275950314
-46.87072396600346 29.108611018647636
-44.58077270487127 29.566601270874074
-42.10296888453931 20.0
-39.686567233643714 20.48328033017912
-37.18910514581368 20.982772747745127
-34.82932916502281 21.4547279439033
-32.40582155023463 21.939429466860936
-30.108005371925962 22.39899270252267
-27.651573458022483 22.890279085303366
-25.14217948358299 23.392157880191263
-22.662588309242707 23.88807611505932
-20.357584807669635 24.349076815373934
-17.907048678905248 24.839184041126813
-15.480459070947123 25.324501962718436
-13.024126739112837 25.815768429085296
-10.515255120860548 26.317542752735754
-8.052793275802287 26.810035121747404
-5.562266254021137 27.308140526103635
-3.1867089546026084 27.78325198598734
-0.7770999080672683 28.26517379529441
1.5301201098258401 28.72661779887303
3.8934545941097713 29.199284695729816
6.3942216411663715 29.699438105141134
8.778819317496842 30.176357640407232
11.096833525701172 30.639960482048096
13.506096098343928 31.12181299657665
15.951771782631955 31.610948133434253
18.46800055917121 32.11419388874211
20.825891537489863 32.58577208440583
23.2316118115682 33.066916139221505
25.573668791123712 33.5353275351326
27.98538289278456 34.01767035546477
30.356603394697295 34.49191445584732
32.79035813942377 34.978665404792615
35.266579718587366 35.473909720625336
37.57831901976281 35.93625758086042
39.90514417184747 36.40162261127736
42.291495277327535 36.87889283237337
44.63132279979887 37.34685833686764
46.95226687656796 37.811047152221455
49.443549594790625 38.30930369586599
51.86815491105076 38.794224759118016
54.29740280473656 39.28007433785517
56.755524396646365 39.771698656237135
59.088436371803766 40.238281051268615
61.5213984314822 40.724873463204304
63.867345848927165 41.19406294669329
66.31863504207392 41.68432078532265
68.79145526532402 42.17888482997267
71.15213976626309 42.65102173016048
73.6220864797611 43.145011072860086
76.03802366921349 43.628198510750565
78.44041187247534 44.10867615140293
80.84062049562684 44.58871787603323
83.18391563423849 45.05737690375556
85.55136957361833 45.53086769163153
87.95437868957103 46.01146951482207
90.33612606622519 46.4878189901529
92.82335102534671 46.985263981977205
95.16506726622384 47.45360723015263
97.48885729079313 47.91836523506649
99.88702733183598 48.39799924327506
102.22710309771092 48.86601439645004
104.59463527727459 49.33952083236278
106.94943678972886 49.81048113485364
109.41321312842018 50.3032364025919
111.72118068256488 50.76482991342084
114.09015035455583 51.23862384781903
116.48572170349621 51.717738117607105
118.89818316697514 52.20023041030289
121.37341413129755 52.69527660316737
123.72010703238608 53.16461518338508
126.17367026285353 53.65532782947857
128.68026750467695 54.156647277843255
130.97829578300917 54.6162529335097
133.31210742012811 55.083015260933486
135.61453884221817 55.543501545351496
138.06251976814252 56.03309773053637
140.49017098410616 56.518627973729096
142.9947077375019 57.019535324408245
145.34421153499744 57.48943608390735
147.82874767988423 57.986343312884706
150.26405913522592 58.47340560395305
152.75986365113474 58.972566507134815
155.1104845411289 59.44269068513364
157.5796939600293 59.93653256891372
159.8920816599993 60.399010108907724
162.34322096923952 60.88923797075577
164.80074039059167 61.3807418550262
167.2293007807018 61.86645393304823
169.52290270728727 62.32517431836532
172.00664469736614 62.821922716381096
174.4503584568261 63.310665468273086
176.96984752022968 63.8145632809538
179.26077227829958 64.27274823256778
181.73841752013885 64.76827728093564
184.14299315660827 65.24919240822952
186.55479950226052 65.73155367735997
189.054697579277 66.23153329276326
191.3408782210001 66.68876942110788
193.8236249465012 67.1853187662081
196.3319348914707 67.686980755202
198.74245760419356 68.16908529774658
201.25908530434654 68.67241083777716
203.67938010186916 69.15646979728169
206.06757834444008 69.63410944579587
208.4438672669076 70.1093672302894
210.92420193288189 70.60543416348423
213.38713824835662 71.09802142657918
215.6979403053315 71.56018183797417
218.15800325438573 72.052194427785
220.59595509241018 72.53978479538989
223.10361355808 73.04131648852388
225.48371317848864 73.5173364126056
227.81079321452515 73.9827524198129
230.32176508353592 74.48494679361505
232.72407118637668 74.9654080141832
235.0884847539555 75.43829072769896
237.59085071385582 75.93876391967902
240.03276173605022 76.42714612411791
242.40542194069806 76.90167816504749
244.72800138567118 77.3661940540421
247.18543575334266 77.8576809275764
249.64591976570443 78.34977773004876
252.1637207101095 78.85333791892977
254.62260462042727 79.34511470099332
257.06672564681213 79.83393890627028
259.5613216909729 80.33285811510243
262.00894107975574 80.82238199285901
264.2912976310845 81.27885330312478
266.68858195874134 81.75831016865614
269.1815552352889 82.25690482396564
271.51641263163486 82.72387630323483
274.0010637294201 83.22080652279188
276.47691519153443 83.71597681521476
278.8378469907523 84.18816317505832
281.30623987700324 84.68184175230851
283.7433537174005 85.16926452038797
286.0460147510027 85.6297967271084
288.44475645243244 86.10954506739436
290.82541946673945 86.58567767025575
293.12544019140717 87.0456818151893
295.45681138012714 87.51195605293329
297.9221916227684 88.00503210146155
300.33667318537334 88.48792841398254
302.81468437306364 88.9835306515206
305.3319800695432 89.48698979081651
307.79130511396454 89.97885479970078
310.2702907128105 90.47465191946996
312.63465663605 90.94752510411786
315.0569592458716 91.43198562608218
317.39425186994305 91.89944415089647
319.8836393255763 92.39732164202313
322.2680982435694 92.87421342562175
324.6142039946317 93.34343457583421
327.0609537374113 93.83278452439014
329.4596618543196 94.31252614777179
331.78195997349087 94.77698577160605
334.2718863934346 95.27497105559478
336.6816284712015 95.75691947114818
339.0879567388477 96.2381851246774
341.47968697473544 96.71653117185495
343.90457235077525 97.20150824706292
346.20576369210664 97.6617465153292
348.6556632366224 98.15172642423234
351.04137433975046 98.62886864485796
353.54081944924 99.12875766675586
355.957072014507 99.61200817980927
358.4262794257798 100.10584966206382
360.73164220354965 100.5669222176178
363.0254233159482 101.02567844009751
365.3632742327134 101.49324862345054
367.8409814170189 101.98879006031164
370.2339209911528 102.46737797513843
372.679962103409 102.95658619758967
374.97552398232597 103.41569857337306
377.4846508956134 103.91752395603055
379.86873094109035 104.39433996512594
382.32731730651267 104.88605723821041
384.7723055341244 105.37505488373274
387.17095933972854 105.85478564485356
389.64375841638724 106.3493454601853
392.0842227461518 106.83743832613823
394.55638584406256 107.33187094572038
396.8522222054015 107.79103821798817
399.16840537978527 108.25427485286491
401.5702191185927 108.73463760062641
403.90594045298997 109.20178186750587
406.30436479324817 109.6814667355575
408.82381264303143 110.18535630551415
411.235832102214 110.66776019735067
413.6866842882968 111.15793063456722
416.0780271328457 111.63619920347702
418.50933029794413 112.12245983649669
420.7991018658217 112.5804141500722
423.1533861848919 113.05127101388624
425.5291997374258 113.52643372439303
427.919313157605 114.00445640842887
430.28833475603477 114.47826072811482
432.64442092971353 114.94947796285058
435.0148413575137 115.4235620484106
437.43724343620204 115.90804246414828
439.7601090792173 116.37261559275133
442.1405907084697 116.8487119186018
444.48017794605835 117.31662936611954
446.91810165410527 117.80421410772892
449.32145519455673 118.28488481581923
451.7808219641543 118.77675816973873
454.1194201769743 119.24447781230272
456.5801707675404 119.73662793041595
458.9940332968733 120.21940043628251
461.3524699561796 120.69108776814379
463.7616821378225 121.17293020447238
466.1781847835683 121.65623073362154
468.63373208812163 122.1473401945322
470.983687245308 122.61733122596945
473.4217689177105 123.10494756044996
475.805945859465 123.58178294880086
478.2595394517996 124.07250166726779
480.6521607197724 124.55102592086234
483.0862269380471 125.03783916451728
485.41795997350386 125.50418577160863
487.83108020087536 125.98680981708294
490.2604912511836 126.47269202714459
492.771252945112 126.97484436593027
495.06447125741187 127.43348802839023
497.54639114556375 127.92987200602062
499.8818963261362 128.3969730421351
502.1834918454147 128.8572921459908
504.50138201958504 129.32087018082487
506.97697369605976 129.81598851611983
509.4776291334349 130.31611960359487
511.7704144682685 130.77467667056158
514.2878742234127 131.2781686215904
516.7912516271986 131.7788441023476
519.0833589401103 132.23726556492994
521.5149604424184 132.72358586539156
524.0012639918506 133.220846575278
526.3956660562875 133.69972698816537
528.6778822551059 134.15617022792907
531.162735107772 134.6531407984623
533.5063120610748 135.12185618912284
535.8751816089624 135.59563009870035
538.2184930167107 136.06429238025
540.5284957164008 136.52629292018804
542.9262689506148 137.00584756703086
545.3509634675444 137.49078647041677
547.8049083443559 137.98157544577907
550.1756777835141 138.4557293336107
552.5589398989413 138.93238175669615
554.9738353873923 139.41536085438634
557.3920888187615 139.89901154066018
559.879941722797 140.39658212146725
562.2694017757696 140.87447413206178
564.553398808306 141.33127353856906
567.067307037889 141.8340551844857
569.5521304179006 142.33101986048797
571.9006725400181 142.8007282849115
574.3401103683384 143.28861585057555
576.7474932449666 143.77009242590117
579.1871968064081 144.2580331381895
581.69514830537 144.75962343798187
584.1277195411288 145.24613768513365
586.5764494514715 145.7358836672022
588.9613448634842 146.2128627496047
591.3222370683155 146.68504119057098
593.8271635790509 147.18602649271804
596.1152275761302 147.6436392921339
598.4312866499668 148.10685110690122
600.867576716618 148.59410912023148
603.2470327239414 149.07000032169614
605.6308673854422 149.5467672539963
608.0308064993204 150.02675507677196
610.5118517557222 150.5229641280523
612.868686416004 150.9943310601087
615.3482337336712 151.49024052364211
617.7384942252453 151.96829262195692
620.0494463223483 152.43048304137753
622.3604597621342 152.89268572933472
624.6439887511655 153.34939152714097
627.1010822441104 153.84081022572997
629.4117941650586 154.3029526099196
631.899579571777 154.80050969126327
634.201669816347 155.26092774017727
636.6219564363054 155.74498506416896
639.0591061323115 156.23241500337016
641.4240341009939 156.70540059710666
643.757573139658 157.17210840483946
646.161090385189 157.65281185394568
648.6047303360134 158.14153984411055
650.9507849988215 158.61075077667218
653.357889940192 159.09217176494627
655.685899610835 159.5577736990749
658.0728359751694 160.03516097194174
660.5141286625003 160.52341950940794
662.9250381183954 161.00560140058695
665.4217602795513 161.50494583281815
667.8618583503991 161.99296544698768
670.1780662986839 162.45620703664466
672.5287672509409 162.92634722709604
675.0327488344429 163.42714354379646
677.5110457710223 163.92280293111233
679.8970337949654 164.40000053590094
682.3978271301513 164.90015920293814
684.7375765626308 165.36810908943403
687.1839394674467 165.85738167039722
689.6344303373463 166.34747984437715
692.0021210880784 166.82101799452354
694.3046137357605 167.28151652405998
696.6094277150897 167.74247931992582
699.0675482685278 168.23410343061343
701.4431923567948 168.70923224826683
703.872534066058 169.1951005901195
706.3092748376226 169.6824487444324
708.6033086456972 170.14125550604732
711.1056357444186 170.6417209257916
713.5282998867652 171.12625375426092
716.029958241767 171.62658542526125
718.5130264795642 172.1231990728207
720.9086374380227 172.6023212645124
723.3262052568211 173.0858348282721
725.7006005858925 173.56071389408638
728.0715367464645 174.0349011262008
730.5685986805149 174.53431351301086
732.9060962199284 175.00181302089356
735.2289497424621 175.4663837254003
737.7140833632113 175.96341044955014
740.0968860670024 176.43997099030835
742.4239950217803 176.90539278126394
744.8097461099355 177.382542998895
747.1582991242876 177.8522536017654
749.4902283339106 178.31863944369002
751.7846838159205 178.777530540092
754.1984461466886 179.2602830062456
756.6972249622663 179.76003876936113
758.9815542711252 180.21690463113293
761.4624361283828 180.71308100258443
763.8241955134447 181.18543287959682
766.1311810972863 181.64682999636514
768.6214359205626 182.1448809610204
770.9146280804348 182.60351939299483
773.2154058948375 183.0636749558754
775.6721515894324 183.55502409479436
777.957174506367 184.01202867818128
780.4721074857594 184.51501527405975
782.7971069441268 184.98001516573322
785.0861846947053 185.43783071584892
787.5788066262406 185.936355102156
790.0715621184213 186.43490620059214
792.5075536124936 186.9221044994066
794.9199728696119 187.40458835083027
797.2629721194977 187.87318820080742
799.6452397593984 188.34964172878756
802.0906578592052 188.8387253487489
804.4652166369893 189.31363710430574
806.9682735874167 189.81424849439122
809.3595935415785 190.2925124852236
811.8052553749691 190.7816448519017
814.1863631575013 191.25786640840815
816.529565614675 191.7265068998429
818.9852549551613 192.21764476794013
821.4539099146691 192.7113757598417
823.9333665389105 193.20726708469
826.4344082753493 193.70747543197774
828.933742407817 194.20734225847127
831.3806602367637 194.69672582426062
833.7835334622117 195.17730046935023
836.1168708499342 195.64396794689472
838.5402707053588 196.12864791797963
840.9973163025846 196.6200570374248
843.4943882390265 197.1194714247132
845.8538614044143 197.59136605779074
848.2095159461779 198.06249696614347
850.6897006963319 198.55853391617427
853.0455661485666 199.0297070066212
855.345985944969 199.48979096590168
857.7356698091156 199.967727738731
860.1298278310909 200.44655934312607
862.4865895395956 200.917911684827
864.8214670321654 201.38488718334096
867.1094029876483 201.84247437443753
869.4666277424112 202.31391932539012
871.7495886579162 202.77051150849113
874.0422084406255 203.22903546503298
876.4169988086029 203.70399353862845
878.7197736917662 204.16454851526112
881.2380610080693 204.66820597852174
883.5227758623765 205.12514894938317
885.871077207618 205.59480921843146
888.3555999378744 206.09171376448276
890.864564049311 206.59350658677008
893.2276500238022 207.06612378166832
895.7417956373852 207.5689529043849
898.1220458857331 208.0450029540545
900.592477995632 208.53908937603427
903.0383054638447 209.02825486967683
905.3793282014752 209.4964594172029
907.8518797776264 209.99096973243317
910.2307117599736 210.4667361289026
912.6941035793411 210.9594144927761
915.013326482011 211.42325907331008
917.3522371060284 211.89104119811356
919.73787861453 212.3681694998139
922.0623935380663 212.83307248452115
924.5675992806819 213.33411363304424
927.0643724076755 213.83346825844296
929.3991502378889 214.30042382448565
931.7458190368704 214.76975758428196
934.2397547098161 215.2685447188711
936.6279800637943 215.74618978966674
938.9102638410909 216.20264654512607
941.4135768707876 216.70330915106538
943.8898766134598 217.19856909959984
946.3650384897168 217.69360147485122
948.8383374694216 218.1882612707922
951.314951177226 218.6835840123531
953.6695023960106 219.15449425610998
956.0474693362212 219.63008764415213
958.5435129732747 220.12929637156282
960.9629523233751 220.6131842415829
963.2796573472225 221.0765252463524
965.6554679945764 221.55168737582315
967.9601542332994 222.01262462356775
970.2995923567074 222.48051224824937
972.7860173817232 222.97779725325253
975.1519359177806 223.450980960464
977.6574437274772 223.95208252240332
979.941276811996 224.40884913930708
982.2454756558215 224.86968890807216
984.7029131447066 225.36117640584916
987.1845010214556 225.85749398119899
989.4836791222305 226.31732960135398
991.9938094639724 226.81935566970233
994.4551885803745 227.31163149298277
996.8123178266985 227.78305734224756
999.2588460660579 228.27236299011943
1001.6135207966677 228.7432979362414
1003.9075784926727 229.2021094754424
1006.2556429005324 229.67172235701435
1008.6069468353637 230.1419831439806
1010.9179489792493 230.60418357275773
1013.3968567596154 231.09996512883095
1015.7706026716363 231.57471431123514
1018.2803326045669 232.07666029782123
1020.6786616574403 232.55632610839595
1022.9706810912088 233.01472999514965
1025.47759983188 233.51611374328388
1027.9357130320902 234.0077363833259
1030.328589293821 234.48631163567208
1032.8129103534466 234.98317584759718
1035.276425177056 235.47587881231902
1037.783160689274 235.97722591476264
1040.2216362345341 236.46492102381467
1042.6956923456323 236.95973224603432
1045.021783994227 237.42495057575326
1047.3586838888834 237.89233055468455
1049.8395194909742 238.3884976751027
1052.1795442143073 238.85650261976932
1054.6937294922611 239.35933967536008
1057.1868608305076 239.8579659430094
1059.60138584704 240.34087094631587
1062.0149624069543 240.82358625829872
1064.3580509696444 241.29220397083674
1066.7585513264592 241.7723040421997
1069.2409894775906 242.26879167242598
1071.7147152413609 242.76353682518004
1074.0403274853966 243.22865927398718
1076.346302427531 243.6898542624141
1078.8056848564568 244.18173074819921
1081.2698911343252 244.6745720037729
1083.6581443903647 245.1522226549808
1086.1383869064211 245.64827115819207
1088.5075704488843 246.1221078666847
1091.0080696189539 246.62220770069862
1093.352343911223 247.09106255915245
1095.7532064911697 247.5712350751418
1098.0460873144584 248.02981123979953
1100.53480177471 248.52755413184988
1102.8995579751763 249.00050537194312
1105.2025781879704 249.46110941450195
1107.6652548377217 249.9536447444522
1109.984965333484 250.41758684360468
1112.4101219824024 250.90261817338833
1114.8839474454057 251.397383265989
1117.164534068585 251.85350059062486
1119.6642028607253 252.35343434905292
1122.0038398908237 252.8213617550726
1124.3765216452966 253.29589810596718
1126.8140848034923 253.78341073760632
1129.1245942656508 254.245512630038
1131.488041163678 254.71820200964345
1133.989843773781 255.21856253166408
1136.4700449549107 255.71460276789
1138.8762220413207 256.19583818517197
1141.3409758832472 256.68878895355726
1143.8375886652923 257.18811150996635
1146.1183357200775 257.64426092092333
1148.45715661888 258.1120251006838
1150.810051289923 258.5826040348925
1153.229396149329 259.06647300677366
1155.7100117174693 259.56259612040174
1158.076204255285 260.03583462796485
1160.42741345055 260.5060764670178
1162.843801313931 260.98935403969404
1165.321099874867 261.48481375188123
1167.7494874884485 261.9704912745975
1170.2228702647756 262.46516782986293
1172.591593956523 262.93891256821246
1174.9300669832494 263.40660717355775
1177.3434896225742 263.88929170142274
1179.6978903608135 264.3601718490705
1182.0050832916404 264.8216104352359
1184.4824501861558 265.317083814139
1186.9939146034312 265.81937669759407
1189.4848805281363 266.3175698825351
1191.9356364347198 266.8077210638518
1194.333505335583 267.2872948440245
1196.8362302014289 267.7878398171936
1199.3181190705795 268.2842175910238
1201.6061095037667 268.7418156776612
1203.9069569784854 269.20198517260496
1206.224039364458 269.66540164979943
1208.702735374092 270.16114085172626
1211.000735319212 270.6207408407503
1213.3778741018389 271.09616859727566
1215.6772044991349 271.55603467673484
1217.9979167278166 272.0201771224712
1220.4547004587507 272.51153386865803
1222.9573985401114 273.01207348493017
1225.4381953818554 273.50823285327897
1227.7966890392138 273.9799315847506
1230.1326622928034 274.44712623546855
1232.4785577656128 274.9163053300304
1234.9100886031993 275.4026114975477
1237.2914488430147 275.8788835455108
1239.6528596144185 276.3511656997916
1241.9514513827662 276.8108840534611
1244.3990168288913 277.3003971426861
1246.7574853092342 277.7720908387547
1249.1447752085144 278.2495488186107
1251.5318556284506 278.72696490259796
1253.855146185792 279.19162301406624
1256.3509799642818 279.6907897697642
1258.67522011366 280.15563779963986
1261.1354903322947 280.6476918433668
1263.516361544499 281.12386608580766
1265.996743054629 281.61994238783365
1268.3780381612303 282.09620140915393
1270.777168604517 282.57602749781125
1273.2472810903791 283.07004999498366
1275.654152194683 283.55142421584446
1278.044716308238 284.0295370385555
1280.4096784545825 284.50252946782433
1282.7511982339206 284.970833423692
1285.2106199651203 285.4627177699319
1287.522555364578 285.92510484982347
1289.913731965296 286.40334016996707
1292.3768372240224 286.89596122171235
1294.805555720139 287.38170492093565
1297.2435788847442 287.8693095538567
1299.7522461234023 288.3710430015883
1302.1934875689801 288.8592912907039
1304.5653535838062 289.3336644936691
1306.8493423998877 289.7904622568854
1309.18536615616 290.25766700813983
1311.7037636245598 290.7613465018198
1314.0355139864905 291.22769657420594
1316.5093069181437 291.7224551605366
1318.9358802095194 292.20776981881176
1321.330201250465 292.6866340270009
1323.833261460224 293.1872460689527
1326.3298021339035 293.68655420368856
1328.7322143696292 294.1670366508337
1331.0779922364309 294.636192224194
1333.4453663326212 295.1096670434321
1335.8023084457511 295.5810554660581
1338.1113913239426 296.0428720416964
1340.4443902667451 296.50947183025687
1342.792075610562 296.97900889902024
1345.144131401542 297.44942005721623
1347.535930276534 297.92777983221464
1349.822551566571 298.38510409022206
1352.1741575947217 298.85542529585217
1354.5837986860558 299.337353514119
1357.0659102463471 299.83377582617726
1359.3501831667672 300.2906304102613
1361.710486365806 300.76269105006907
1364.004941732411 301.2215821233901
1366.3722199698138 301.6950377708706
1368.6572487716246 302.1520435312328
1371.145053968469 302.64960457060164
1373.5178352209632 303.1241608211005
1375.8009804210562 303.5807898611191
1378.101380464551 304.0408698698181
1380.5651134314583 304.5336164631995
1383.0124947779948 305.0230927325068
1385.5107254591537 305.5227388687386
1387.955130067867 306.01161979048123
1390.3987939393737 306.5003525647826
1392.7662194372372 306.9738376643553
1395.2706963819007 307.474733053288
1397.7695350374931 307.9745007844065
1400.1015297849124 308.4408997338903
1402.587819070462 308.9381575910003
1404.9709205785978 309.4147778926274
1407.3501054222575 309.8906148613593
1409.7918636831166 310.37896651353117
1412.1496469280678 310.8505231625214
1414.5553073782382 311.3316552525555
1417.0205737057217 311.8247085180522
1419.3705771183054 312.29470920056895
1421.6622218822658 312.75303815336105
1424.1613432625622 313.2528624294203
1426.660842548875 313.75276228668287
1428.9612333004711 314.21284043700206
1431.379020595159 314.6963978959397
1433.801391891441 315.180872155196
1436.0886737623168 315.6383285293712
1438.4767208966261 316.1159379562331
1440.9729986610155 316.61519350911095
1443.2802396311308 317.07664170313404
1445.6531527950744 317.55122433592277
1448.0375711531908 318.028108007546
1450.3639431997967 318.4933824168672
1452.816088752517 318.98381152741126
1455.1392176421102 319.4484373053299
1457.56594649235 319.93378307537785
1459.9355035809244 320.4076944930927
1462.4178191906701 320.90415761504187
1464.7587822507967 321.3723502270672
1467.2072170344113 321.8620371837901
1469.5929703466315 322.33918784623415
1472.1122186837742 322.8430375136627
1474.439669078788 323.3085275926655
1476.9366677978032 323.8079273364685
1479.426414388187 324.3058766545452
1481.8560902297365 324.79181182285515
1484.2717932610794 325.27495242912374
1486.7910933166036 325.7788124402286
1489.1783284462072 326.2562594661493
1491.674869983471 326.755567773602
1494.1051306873 327.2416199143679
1496.5579824322554 327.7321902633589
1498.9641756949475 328.21342891589734
1501.4586621913982 328.7123262151875
1503.7497716697746 329.1705481108628
1506.1532969603438 329.6512531689766
1508.5834931155375 330.1372924000154
1511.0623204691226 330.6330578707324
1513.4799796346306 331.116589703834
1515.7721664483342 331.5750270665747
1518.2647052616683 332.0735348292415
1520.7793404076667 332.57646185844123
1523.1088297882957 333.042359734567
1525.533100098517 333.52721379661125
1527.8697762999675 333.9945490369014
1530.2171872953215 334.4640312359722
1532.5182899556637 334.9242517680406
1534.8746289031908 335.39551955754604
1537.2029417146084 335.86118211982955
1539.5511301993763 336.3308198167831
1541.8583307709657 336.792259931101
1544.222178072659 337.26502939143967
1546.6968897575155 337.75997172841096
1549.0547134156536 338.23153646003857
1551.4605859115352 338.7127109592149
1553.9093433761668 339.2024624521412
1556.3861315105603 339.69782007901995
1558.7042342310244 340.16144062311275
1561.0860784081922 340.6378094585463
1563.528550896418 341.12630395619146
1565.9746512292816 341.6155240227642
1568.2972922025256 342.08005221741297
1570.5998886420878 342.54057150532543
1572.928538266197 343.00630143014723
1575.3248410172973 343.4855619803673
1577.7368891788662 343.96797161268114
1580.219116198738 344.4644170166555
1582.533279635849 344.92724970407767
1585.0111745594525 345.42282868879835
1587.3008262271753 345.88075902234294
1589.584941814316 346.33758213977103
1591.8967528783294 346.79994435257373
1594.3714634761047 347.29488647212884
1596.8456677434335 347.7897273255946
1599.305358540199 348.28166548494767
1601.7026985313246 348.7611334831728
1604.0414894931412 349.2288916755361
1606.5014642443343 349.7208866257747
1608.9145420757097 350.2035021920498
1611.3942553854554 350.69944485399895
1613.8731012215696 351.1952140212218
1616.173583748276 351.6553105265631
1618.5134326814461 352.1232803131971
1620.9478158529212 352.6101569474921
1623.3527315021547 353.0911400773388
1625.7277737808279 353.56614853307343
1628.1125666944897 354.0431071158058
1630.611113559858 354.54281648887945
1633.1014354695467 355.0408808708172
1635.5944321962436 355.53948021615656
1637.8953119614196 355.9996561691918
1640.4005178405916 356.5006973450262
1642.697090931071 356.96001196312204
1645.1400337101018 357.44860051892823
1647.6196265784945 357.94451909260675
1649.9795891422389 358.41651160535565
1652.298185418162 358.8802308605402
1654.8112466933999 359.38284311558783
1657.2851050133854 359.877614779585
1659.7981929008251 360.3802323570729
1662.2759686616184 360.87578750923154
1664.573682932846 361.33533036347706
1667.0425867085694 361.82911111862177
1669.4020051695638 362.3009948108206
1671.7274719441145 362.76608816573076
1674.0983915853426 363.2402720939764
1676.500135210629 363.7206208190337
1678.801954103127 364.18098459753327
1681.1394554209994 364.64848486110776
1683.6524469774245 365.15108317239276
1686.032821916043 365.6271581601165
1688.430892681595 366.1067723132269
1690.786495974758 366.57789297185946
1693.0888539234152 367.0383645615909
1695.4805035258576 367.5166944820794
1697.8443112328453 367.9894560234769
1700.3496609796211 368.4905259728321
1702.7666145574253 368.97391668839293
1705.0506777424403 369.43072932539593
1707.4888830882117 369.9183703945502
1709.87345419651 370.3952846162099
1712.2592144223916 370.8724366613862
1714.6527053342395 371.35113484375574
1717.0767162837046 371.8359370336488
1719.357047551096 372.29200328712705
1721.7006247810684 372.76071873312156
1724.1784970558633 373.2562931880805
1726.6078918154333 373.7421721399945
1729.033513450452 374.22729646699827
1731.4106660538046 374.70272698766877
1733.9183034984178 375.2042544765914
1736.2217682888613 375.66494743468013
1738.6074223348398 376.14207824387586
1741.0281439263415 376.62622256217617
1743.4693363494714 377.11446104680215
1745.8092474128773 377.58244325948334
1748.3129501979117 378.0831838164902
1750.6925850457676 378.5591107860614
1753.0624285135905 379.03307947962594
1755.3867151507454 379.49793680705693
1757.8652368841017 379.9936411537282
1760.2000915896324 380.46061209483435
1762.613527263603 380.94329922962845
1764.902563490214 381.40110647495067
1767.4054058887202 381.9016749546519
1769.9133548020166 382.4032647373112
1772.3918266695766 382.89895911082317
1774.7904062259017 383.3786750220882
1777.1805730313768 383.8567083831832
1779.5267348252232 384.32594074195254
1781.9668058087648 384.8139549386608
1784.438871237387 385.3083680243853
1786.8302264027375 385.7866390574554
1789.3138111505145 386.28335600701075
1791.7031977677855 386.76123333046496
1794.108530376047 387.24229985211724
1796.5194503725875 387.72448385142536
1798.980845765465 388.21676293000087
1801.4219474182105 388.70498326054997
1803.8970247209415 389.19999872109616
1806.3466191583987 389.6899176085876
1808.8647268474217 390.1935391463922
1811.2098783226074 390.66256944142935
1813.6614564513045 391.15288506716877
1815.9524251611558 391.61107880913903
1818.2595825576561 392.0725102884391
1820.5615596741995 392.5329057117478
1822.8864897652122 392.9978917299503
1825.3704936378792 393.49469250448374
1827.8166670192993 393.98392718076775
1830.1929871939506 394.45919121569796
1832.5213523798127 394.9248642528704
1834.8482148090336 395.3902367387146
1837.174237328634 395.8554412426347
1839.5805462855942 396.3367030340267
1842.0284501936142 396.8262838156307
1844.3541254628155 397.291418869471
1846.8058861785353 397.7817710126149
1849.1108163924048 398.24275705538884
1851.5435658928438 398.72930695547666
1853.824150838357 399.18542394457927
1856.1220575811064 399.64500529312915
1858.4385642669217 400.1083066302922
1860.8114591711799 400.58288561114387
1863.1864327932753 401.0578803355629
1865.6077285856466 401.5421394940372
1867.9555514407202 402.0117040650519
1870.3662626061941 36.638405055512024
1872.7839762439019 37.121947783053564
1875.2071967606569 37.606591886404566
1877.708704659536 38.106893466180374
1880.2271532259597 38.61058317946513
1882.520947752387 39.06934208475059
1884.9343145232267 39.55201543891853
1887.2267806334808 38.372103605457326
1889.5223684698394 38.83122117272906
1891.9045124072977 39.307649960220715
1894.2547967844373 39.77770683564863
1896.6755344459725 40.26185436795568
1898.9671337623633 40.72017423123384
1901.3680835719501 41.2003641931512
1903.8068009600984 41.688107670780845
1906.1946169088515 42.16567086053146
1908.6425583561 42.655259149981156
1911.0542879377958 43.13760506632034
1913.3723153772503 43.60121055421123
1915.8905747997483 44.104862438710825
1918.2311077544855 44.57296902965827
1920.6432612946617 36.68329613223618
1923.088437587069 37.17233139071764
1925.3837399521046 37.63139186372477
1927.7609160851932 38.10682709034249
1930.2005116644323 38.5947462061903
1932.6336095086 39.08136577502387
1935.0379205061631 39.56222797453647
1937.464383116325 38.36422436433268
1939.9351972812099 38.85838719730964
1942.446305307314 39.360608802530486
1944.7947728157924 39.830302304226144
1947.1371590942163 40.29877955991092
1949.4388108375217 40.75910990857201
1951.737980131792 41.21894376742607
1954.1398463837288 41.69931701781343
1956.5064737511311 42.17264249129389
1959.0069987204936 42.67274748516638
1961.321277505416 43.135603242150864
1963.7859912858871 43.62854599824509
1966.2533711099609 44.122021963059844
1968.7376300292003 44.61887374690773
1971.0637378936096 36.71987095545692
1973.3815130870576 37.1834259941465
1975.8143342298579 37.669990222706566
1978.3203023484978 38.171183846434545
1980.788531767345 38.66482973020398
1983.289067821294 39.16493694099381
1985.751353663959 39.657394109526784
1988.116388870648 38.41053019540768
1990.5932568920775 38.905903799693576
1993.1020690249247 39.40766622626302
1995.57719604414 39.90269163010608
1997.9930784310666 40.38586810749139
2000.405962711507 40.868444963579485
2002.7819021012892 41.34363284153592
2005.2184933224898 41.83095108577604
2007.7206743856666 42.33138729841139
2010.0878789901415 42.804828219306366
2012.506347460994 43.28852191347687
2014.9583186750203 43.778916156282136
2017.3093602915935 44.24912447959677
2019.6302880109683 44.71331002347174
2022.1278781278045 36.802297851431284
2024.5835076733813 37.293423760546645
2026.9667676409335 37.770075754057096
2029.3878415216393 38.25429053019825
2031.8977572173224 38.75627366933486
2034.329169867675 39.242556199405406
2036.6600403350326 39.70873029287691
2039.0147070308278 38.37736578060467
2041.3803853556221 38.85050144556353
2043.769069207678 39.328238215974714
2046.23372594684 39.821169563807096
2048.601057839416 40.29463594232234
2050.945864434974 40.76359726143387
2053.3583086941694 41.24608611327299
2055.8778743026123 41.74999923496157
2058.3294763828617 42.24031965101144
2060.63291311664 42.70100699776708
2063.125172214256 43.199458817290314
2065.4520239436915 43.66482916317741
2067.8144306761533 44.13731050966976
2070.297113359727 44.63384704638452
2072.7551817209364 36.74809493802172
2075.0691505577574 37.210888705385926
2077.5286952596375 37.70279764576194
2079.9221457770795 38.181487749250344
2082.2064541814293 38.6383494301203
2084.490434993238 39.09514559248205
2086.894843475903 39.576027289015066
2089.229533582615 38.29487037233575
2091.685406732907 38.786045002394076
2094.1414260759125 39.27724887099521
2096.4422701615667 39.73741768812606
2098.9201651496533 40.232996685743366
2101.3720367680035 40.723371009413405
2103.817654581866 41.21249457218592
2106.273440278305 41.70365171147368
2108.7409530792524 42.1971542716632
2111.039145162213 42.65679268825534
2113.4623948440853 43.14144262462978
2115.947625139582 43.63848868372916
2118.2329854338086 44.095560742574435
2120.5163473575485 44.55223312732242
2122.840182003165 36.72212968410995
2125.2302322080436 37.200139725085684
2127.749210793452 37.703935442167406
2130.0569885766745 38.165490998811855
2132.4638962308904 38.64687252965505
2134.950174595087 39.14412820249436
2137.328832319995 39.61985974747595
2139.75011046056 38.38198569147899
2142.0733722377363 38.846638046914265
2144.457175707101 39.323398740787255
2146.9435835155587 39.82068030247874
2149.2488743023378 40.28173845983456
2151.564811581281 40.744925915623206
2154.0332790165244 41.23861940267189
2156.527248474209 41.73741329420882
2158.9467634983093 42.22131629902888
2161.3356861911666 42.69910083760033
2163.79601149388 43.191165898143026
2166.089058037221 43.64977520681123
2168.524198977113 44.1368033947896
2170.886573559075 44.60927831118197
2173.3269410531907 36.71536611852616
2175.6132238255987 37.17262267300775
2177.9077115250866 37.63152021290534
2180.319515064025 38.113880920693006
2182.762528340689 38.60248357602586
2185.1158383740153 39.07314558269108
2187.485664788967 39.547110865681404
2189.9762200113755 38.329855791636966
2192.4446401313644 38.82353981563474
2194.8004521514904 39.29470221965994
2197.128196022649 39.760250993891624
2199.4523753883855 40.225086867038954
2201.8012697208223 40.69486573352633
2204.177090471001 41.17002988356207
2206.5316814302682 41.64094807541551
2208.9600157169784 42.12661493275755
2211.3016061057738 42.59493301051661
2213.6696480167443 43.06854139271072
2216.029010343371 43.540413858036025
2218.434708196392 44.02155342864025
2220.741399848888 44.48289175913942
2223.1964837183123 44.973908533024314
2225.6283517934853 37.13042635642196
2227.9292358746948 37.59060317266385
2230.4011130848994 38.08497861470478
2232.8211760009262 38.568991197910144
2235.218715443774 39.04849908647966
2237.605838904605 39.52592377864594
2240.0614534540446 37.88662033211185
2242.36018226625 38.34636609455292
2244.880026694406 38.85033498018411
2247.265724745018 39.32747459030652
2249.7837810262336 39.83108584654965
2252.1554295642677 40.30541555415648
2254.610638935951 40.796457428493156
2256.94187111667 41.26270386463693
2259.4438792967876 41.76310550066046
2261.9512510075447 42.26457984281187
2264.2746790726446 42.729265455831865
2266.5661638103547 43.18756240337389
2269.008501176249 43.67602987655273
2271.3972441099672 44.15377846329638
2273.8890305620057 44.65213575370408
2276.2330063161653 37.23431057242415
2278.5884773662888 37.70540478244884
2281.1009388641623 38.20789708202356
2283.418758916689 38.6714610925289
2285.834633991411 39.15463610747329
2288.158961814509 39.61950167209288
2290.4919502530615 37.85178878737925
2292.9428325130825 38.34196523938344
2295.412155995342 38.83582993583532
2297.860167823433 39.32543230145357
2300.2497228520133 39.8033433071696
2302.6408157337364 40.28156188351422
2305.0550776267683 40.76441426212059
2307.5516342664573 41.2637255900584
2310.012840385635 41.75596681389398
2312.2944166621505 42.212282069197045
2314.750705535962 42.703539843959334
2317.059091237146 43.16521698419611
2319.4637046700154 43.646139670770026
2321.7583804688156 44.105074830530064
2324.1855389694015 44.59050653064723
2326.6132122846293 37.22425240631355
2329.1065368913683 37.72291732766134
2331.5839839656987 38.21840674252744
2334.0928081566553 38.72017158071876
2336.4425696833264 39.19012388605297
2338.8858865780085 39.67878726498939
2341.3447639841647 37.946310339907086
2343.698879937148 38.417133530503726
2346.138793655392 38.90511627415253
2348.619494186134 39.40125638030095
2350.992787602671 39.87591506360832
2353.414679729433 40.36029348896072
2355.9231283034783 40.861983203769796
2358.207845979604 41.318926738994925
2360.4986709869804 41.777091740470226
2362.8142366139996 42.240204865874055
2365.221990896717 42.72175572241758
2367.5930092871236 43.19595940049885
2370.092328956249 43.695823334323904
2372.385340699503 44.15442568297476
2374.7661378952607 44.630585122126284
2377.1685011029545 37.164747423757944
2379.599757917429 37.65099878665287
2381.90081998131 38.11121119942909
2384.2617781780837 38.58340283878378
2386.7130272621857 39.0736526556042
2389.198381308028 39.57072346477262
2391.5157999630324 37.86945977201558
2393.869098033303 38.34011938606973
2396.2122982169653 38.808759422802176
2398.5562866619093 39.277557111790976
2400.933933908893 39.753086561187686
2403.298818922714 40.226063563951904
2405.6948198374143 40.70526374689198
2408.1590664978607 41.19811307898126
2410.498227019613 41.66594518333168
2412.837293559775 42.1337584913641
2415.28663236004 42.623626251417136
2417.6145375696165 43.0892072933324
2420.0515017345183 43.57660012631277
2422.5179746626122 44.06989471193155
2424.801671883529 44.526634156114866
2427.1897234003022 37.13478468745397
2429.651017694277 37.627043546248935
2432.1310980555886 38.12305961851125
2434.538059049868 38.604451817367135
2436.8265506047915 39.062150128351824
2439.2154498276236 39.53992997291825
2441.700550064576 37.90216533285475
2444.203051185093 38.40266555695816
2446.672407866056 38.89653689315073
2448.971343122011 39.35632394434178
2451.3649128131074 39.835037882561025
2453.724477943078 40.30695090855515
2456.03425933306 40.76890718655159
2458.4662333651636 41.25530199297227
2460.7950006266615 41.72105544527185
2463.1301177328764 42.18807886651484
2465.5940814223454 42.68087160440864
2468.0165504897195 43.16536541788346
2470.3351309650147 43.629081512942506
2472.7690788888062 44.115871097700804
2475.1559967970616 44.593254679351865
2477.476390728796 37.155168132844025
2479.8500502573556 37.62990003855593
2482.222069230443 38.10430383317343
2484.5667545529373 38.57324089767226
2486.918027982961 39.04349558367703
2489.326369344352 39.52516385595518
2491.673191880546 39.994528363193965
2493.9648981393134 38.297701482103456
2496.3800880845856 38.7807394711579
2498.679722780888 39.24066641041836
