-491496.6306295133 20.0
-481913.8523125143 21.916555663399794
-472194.92436072824 23.86034125375701
-462651.39407162915 25.769047311576827
-452211.5587093982 27.857014384023017
-442393.11927730934 29.82070227044079
-431961.1943435639 20.0
-422456.3754753034 21.90096377365211
-412710.93813665904 23.850051241380978
-402755.3646115323 25.841165946406324
-392504.6293233521 27.89131300404236
-382464.7676785897 29.89928533299485
-372448.5668492331 20.0
-362084.5213518384 22.07280909947894
-352035.1608426996 24.082681201306706
-342530.87193986203 25.98353898187422
-332646.0382498417 27.96050571987828
-323041.50644819095 29.881412080208435
-312590.20109654847 20.0
-302134.4814412438 22.091143931060937
-292249.04938366695 24.068230342576303
-282401.65247905324 26.037709723499045
-272874.64062891563 27.94311209352657
-262966.1075065852 29.92481871799265
-253197.13725865437 20.0
-243126.93549512798 22.01404035270528
-232734.5267882721 24.092522094076454
-223114.85971327606 26.016455509075662
-213080.2303754115 28.023381376648572
-203416.30351579652 29.95616674857157
-193653.65292675912 20.0
-184049.43480770223 21.92084362381138
-173780.09782675866 23.974711020000093
-163531.99450305925 26.024331684739977
-153202.58991708743 28.09021260193434
-142715.28378224117 30.18767382890359
-132940.42769923498 21.954971216601237
-122491.7119491155 24.044714366625133
-112775.58388475317 25.9879399794976
-102659.35954131342 28.01118484818555
-92818.35903711103 29.979384949026027
-83294.11684703197 29.9292621704406
-73396.58434105213 21.979506501195967
-63540.99925255941 23.95062351889451
-53955.08988474536 25.86780539245732
-43624.12777775763 27.933997813854866
-34026.3760636309 29.853548156680212
-24487.482648925652 29.781820338425298
-14764.964753790371 21.944503579027057
-4385.172964109666 24.020461936963198
5842.525885932515 26.066001706971633
15396.609271818917 27.976818384148913
24964.01791800069 29.89030011338527
34720.46355414014 31.84158924061316
44865.78627599816 33.87065378498477
55106.83467504437 35.91886346479401
65303.01551469338 37.95809963272381
75349.4666471163 39.96738985920839
85193.11619649825 41.93611976908478
95510.90916093605 43.99967836197234
105624.34422840814 46.02236537546676
115730.5567712997 35.0
126149.92153143586 37.083872952027235
136011.0409421823 39.05609683417652
146028.48779394026 41.05958620452812
156179.90730549576 43.089870106839214
166464.09789696807 35.0
176930.45715062486 37.093271850731355
186594.92984988465 39.02616639058331
196349.1285798717 40.97700613658073
206250.52991563364 42.957286403733114
216000.64559382893 44.90730953937217
225856.63251659038 35.0
235790.2304841952 36.98671959352097
246057.28652733625 39.04013080214917
256510.34561766143 41.13074262021421
266623.47552729317 43.15336860214056
277118.35597647657 35.0
286679.79855140427 36.91228851498554
297037.02879156586 38.983734563017855
307459.8335845129 41.06829552160726
317833.8063550168 43.143090075708045
327708.2979113842 20.0
337309.3996712421 21.92022035197158
347580.50652503135 23.97444172272943
357301.49269199476 25.918638956122113
367639.2583076612 27.986192079255403
378077.9819913482 20.0
387841.4488732272 21.952693376375795
398275.7795004303 24.039559501816413
408440.6084623212 26.072525294194605
418295.87315699714 28.043578233129786
428646.32676140283 20.0
438304.5181816193 21.93163828404329
447952.49684870394 23.861234017460223
458029.58684394433 25.876652016508302
468103.3505782986 27.891404763379157
478477.97361822054 29.966329371363543
488381.27947390144 20.0
498452.1071001691 22.014165525253535
508421.1764569029 24.007979396600287
518306.7293495908 25.985089975137868
527928.3464961709 27.909413404453883
538191.1000172005 29.961964108659807
548448.8479059688 20.0
558416.584141451 21.993547247096455
568122.3565117496 23.934701721156156
577741.4182330184 25.858514065409917
587894.5897173593 27.8891483622781
597563.6981623743 29.82297005128111
607311.7943975365 20.0
617706.1689414482 22.078874908782332
627714.282840586 24.080497688609896
637440.0230723267 26.025645734958026
647071.4862068937 27.951938361871427
657436.0778200948 20.0
667723.9086239391 22.057566160768875
677759.6263538029 24.064709706741617
688115.3166885492 26.135847773690895
698038.0852860231 28.120401493185668
707749.9313098413 20.0
717528.1728863154 21.95564831529481
727541.2798566355 23.95826970935883
737216.6304364556 25.89333982532285
747636.2933443149 27.977272406894713
757765.6840768141 20.0
767499.7613161413 21.94681544786545
777488.1117572996 23.944485536097105
787012.1551582431 25.84929421628581
797145.5114957776 27.875965483792708
806968.2094714096 29.840505078919094
816616.8230435695 20.0
826594.0550662024 21.995446404526593
836641.686904544 24.00497277219491
846195.023952806 25.915640181847312
855888.5582724231 27.85434704577073
866183.4839723379 29.913332185753692
875930.2522691988 20.0
885760.6322530119 21.96607599676263
895589.1628421564 23.93178211459152
905335.9448404945 25.881138514259156
915835.1931143048 27.980988169021206
925395.4765714429 29.89304486044883
935660.5939058267 20.0
945466.3051883545 21.961142256505553
955014.9253188919 23.87086628261304
964832.7817274608 25.834437564326823
975240.1282100845 27.915906860851567
985188.8542609133 29.90565207101733
995627.916097335 20.0
1005160.649567737 21.90654669408039
1014898.8958790265 23.85419595633829
1024725.169805093 25.819450741551584
1034912.14268207 27.856845316946995
1044765.2319455241 29.82746316963781
1055063.0197404912 20.0
1065293.1672815653 22.046029508214815
1075302.2631157686 24.047848675055477
1085682.5146837668 26.123898988655117
1096150.8818661352 28.2175724251288
1105816.3623939971 20.0
1115408.6091350473 21.918449348210032
1125695.213364721 23.97577019414478
1135889.1286397506 26.0145532491507
1145541.200020724 27.944967525345366
1155603.7347959739 29.957474480395348
1165313.3928632766 20.0
1175766.971172549 22.09071566185448
1186055.832577188 24.14848794278228
1196048.6715085178 26.147055729048233
1205693.2628451237 28.0759739963694
1216114.6043370517 20.0
1225786.023246833 21.93428378195623
1236204.3697549512 24.017953083579894
1246474.3170768686 26.071942547963374
1256417.7205542384 28.060623243437334
1266734.6929074416 20.0
1276296.7737813964 21.912416174790962
1286527.9936153295 23.95866014157757
1296869.8925611486 26.027039930741395
1307210.3863702752 28.095138692566707
1316883.1547092162 20.0
1327154.2403205875 22.054217122274267
1337150.3206758492 24.0534331933266
1347321.1808673418 26.087605231625123
1357037.9898758433 28.030967033325418
1367510.9721683103 20.0
1377344.1002283543 21.966625612008805
1386989.3197591493 23.895669518167804
1397118.877715886 25.92158110951516
1407295.7974316457 27.956965052667073
1417110.750726913 29.919955711720558
1427575.3563277004 20.0
1437582.0183631433 22.001332407088576
1447372.7575133166 23.95948023712323
1457267.5696894361 25.938442672347136
1467326.9812790824 27.950324990276386
1477395.8891990562 29.964106574271156
1487280.107688169 20.0
1497758.3835711728 22.09565517660077
1507547.777118627 24.053533886091596
1517671.14968663 26.07820839969218
1527401.7138603996 28.024321234446113
1537363.685674597 20.0
1547687.871691527 22.064837203386006
1557721.1458799292 24.071492041066428
1568031.2793670122 26.133518738483033
1578210.6092892238 28.16938472292535
1588069.4339966096 20.0
1598462.5344181652 22.078620084311115
1608400.2404651097 24.066161293700013
1618297.5458342538 26.045622367528825
1628233.0571407941 28.032724628836895
1637781.383651122 29.94238993090247
1647912.0816851424 20.0
1658116.2244291578 22.040828548803088
1668234.561296141 24.06449592219973
1678221.2811735836 26.061839897688245
1688174.15782636 28.052415228243547
1697867.7274771584 29.99112915840321
1707418.6483479147 20.0
1716946.612244143 21.905592779245648
1727339.3960719842 23.984149544813903
1737313.4952482332 25.978969380063702
1747674.5833993703 28.051187010291127
1757301.35636274 29.97654160296507
1767403.540568638 20.0
1777638.0095174687 22.04689378976617
1788116.7664688255 24.142645180037526
1798377.7956375978 26.194851013791983
1808834.5198265545 28.286195851583315
1818706.9772096574 20.0
1829109.7319661167 22.080550951291855
1839170.832238174 24.092771005703323
1849096.4181696859 26.077888192005688
1859512.4785597255 28.161100270013605
1869967.6001174157 20.0
1879576.2649573612 21.9217329679891
1889880.4743102924 23.98257483857535
1900339.7376481018 26.07442750613722
1910837.8317522847 28.1740463269738
1920427.0907029551 20.0
1930444.2313126398 22.003428121936928
1940777.2278310591 24.070027425620797
1950594.5325002118 26.03348835945134
1960990.1086188871 28.1126035831864
1970518.9066090286 20.0
1980866.840500794 22.069586778353063
1990644.2992439542 24.025078526985133
2000963.2460012268 26.08886787843965
2010810.6552697674 28.05834973214776
2020498.6060422754 29.995939886649374
2030870.5530674052 20.0
2041123.4431438942 22.05057801529779
2051108.8176574712 24.047652918013185
2060993.775477966 26.024644482112166
2071286.8459986227 28.083258586243495
2081197.3686738366 20.0
2091095.3553247186 21.97959733017641
2101085.5809037997 23.977642445992633
2110763.2004709635 25.913166359425382
2121106.464295052 27.98181912424308
2131578.817255885 20.0
2142042.397997702 22.092716148363426
2152021.135100581 24.088463568939268
2161677.139248966 26.01966439861618
2171493.905947254 27.983017738273833
2181229.4668721496 29.93012992325295
2190867.110686468 20.0
2200436.620812193 21.913902025145013
2209949.6275432333 23.816503371353075
2219861.8838570314 25.79895463411268
2229729.4447208475 27.772466806875915
2239675.0571840047 29.761589299507346
2249482.5080483714 20.0
2259099.2459064065 21.923347571607028
2269586.268739528 24.020752138231323
2279974.846836135 26.098467757552676
2289499.122921964 28.00332297471855
2299184.0276039746 29.94030391112063
2309614.5160530778 20.0
2319604.0481873904 21.997906426862535
2329723.6227760753 24.021821344599502
2339415.2773960927 25.96015226860298
2349227.0582816666 27.922508445717767
2358956.389768546 29.868374743093646
2368752.1329813735 20.0
2379133.6182683865 22.0762970574026
2389327.06167042 24.114985737809352
2399625.277554378 26.17462891460089
2409755.5317830006 28.20067976032542
2419410.6317698304 20.0
2429683.465569048 22.054566759843567
2439323.2357287537 23.982520791784673
2449496.6065813135 26.017194962296635
2459273.4821839347 27.97257008282086
2469269.1385335643 29.971701352746784
2479661.1793088834 20.0
2489403.2352753878 21.948411193300878
2499796.8122834032 24.027126594903972
